execute if block ~ ~ ~ #minecraft:anvil[facing=north] run data modify storage crossbow:main shape set value [[125000000, 0, 125000000, 875000000, 250000000, 875000000], [250000000, 250000000, 187500000, 750000000, 312500000, 812500000], [375000000, 312500000, 250000000, 625000000, 625000000, 750000000], [187500000, 625000000, 0, 812500000, 1000000000, 1000000000]]
execute if block ~ ~ ~ #minecraft:anvil[facing=south] run data modify storage crossbow:main shape set value [[125000000, 0, 125000000, 875000000, 250000000, 875000000], [250000000, 250000000, 187500000, 750000000, 312500000, 812500000], [375000000, 312500000, 250000000, 625000000, 625000000, 750000000], [187500000, 625000000, 0, 812500000, 1000000000, 1000000000]]
execute if block ~ ~ ~ #minecraft:anvil[facing= east] run data modify storage crossbow:main shape set value [[125000000, 0, 125000000, 875000000, 250000000, 875000000], [187500000, 250000000, 250000000, 812500000, 312500000, 750000000], [250000000, 312500000, 375000000, 750000000, 625000000, 625000000], [0, 625000000, 187500000, 1000000000, 1000000000, 812500000]]
execute if block ~ ~ ~ #minecraft:anvil[facing= west] run data modify storage crossbow:main shape set value [[125000000, 0, 125000000, 875000000, 250000000, 875000000], [187500000, 250000000, 250000000, 812500000, 312500000, 750000000], [250000000, 312500000, 375000000, 750000000, 625000000, 625000000], [0, 625000000, 187500000, 1000000000, 1000000000, 812500000]]
