execute if block ~ ~ ~ minecraft:bell[attachment=floor,facing=north] run data modify storage crossbow:main shape set value [[0, 0, 250000000, 1000000000, 1000000000, 750000000]]
execute if block ~ ~ ~ minecraft:bell[attachment=floor,facing=south] run data modify storage crossbow:main shape set value [[0, 0, 250000000, 1000000000, 1000000000, 750000000]]
execute if block ~ ~ ~ minecraft:bell[attachment=floor,facing=west] run data modify storage crossbow:main shape set value [[250000000, 0, 0, 750000000, 1000000000, 1000000000]]
execute if block ~ ~ ~ minecraft:bell[attachment=floor,facing=east] run data modify storage crossbow:main shape set value [[250000000, 0, 0, 750000000, 1000000000, 1000000000]]
execute if block ~ ~ ~ minecraft:bell[attachment=ceiling] run data modify storage crossbow:main shape set value [[250000000, 250000000, 250000000, 750000000, 375000000, 750000000], [312500000, 375000000, 312500000, 687500000, 812500000, 687500000], [437500000, 812500000, 437500000, 562500000, 1000000000, 562500000]]
execute if block ~ ~ ~ minecraft:bell[attachment=single_wall,facing=north] run data modify storage crossbow:main shape set value [[250000000, 250000000, 250000000, 750000000, 375000000, 750000000], [312500000, 375000000, 312500000, 687500000, 812500000, 687500000], [437500000, 812500000, 0, 562500000, 937500000, 812500000]]
execute if block ~ ~ ~ minecraft:bell[attachment=single_wall,facing=south] run data modify storage crossbow:main shape set value [[250000000, 250000000, 250000000, 750000000, 375000000, 750000000], [312500000, 375000000, 312500000, 687500000, 812500000, 687500000], [437500000, 812500000, 187500000, 562500000, 937500000, 1000000000]]
execute if block ~ ~ ~ minecraft:bell[attachment=single_wall,facing=west] run data modify storage crossbow:main shape set value [[250000000, 250000000, 250000000, 750000000, 375000000, 750000000], [312500000, 375000000, 312500000, 687500000, 812500000, 687500000], [0, 812500000, 437500000, 812500000, 937500000, 562500000]]
execute if block ~ ~ ~ minecraft:bell[attachment=single_wall,facing=east] run data modify storage crossbow:main shape set value [[250000000, 250000000, 250000000, 750000000, 375000000, 750000000], [312500000, 375000000, 312500000, 687500000, 812500000, 687500000], [187500000, 812500000, 437500000, 1000000000, 937500000, 562500000]]
execute if block ~ ~ ~ minecraft:bell[attachment=double_wall,facing=west] run data modify storage crossbow:main shape set value [[250000000, 250000000, 250000000, 750000000, 375000000, 750000000], [312500000, 375000000, 312500000, 687500000, 812500000, 687500000], [437500000, 812500000, 0, 562500000, 937500000, 1000000000]]
execute if block ~ ~ ~ minecraft:bell[attachment=double_wall,facing=south] run data modify storage crossbow:main shape set value [[250000000, 250000000, 250000000, 750000000, 375000000, 750000000], [312500000, 375000000, 312500000, 687500000, 812500000, 687500000], [437500000, 812500000, 0, 562500000, 937500000, 1000000000]]
execute if block ~ ~ ~ minecraft:bell[attachment=double_wall,facing=west] run data modify storage crossbow:main shape set value [[250000000, 250000000, 250000000, 750000000, 375000000, 750000000], [312500000, 375000000, 312500000, 687500000, 812500000, 687500000], [0, 812500000, 437500000, 1000000000, 937500000, 562500000]]
execute if block ~ ~ ~ minecraft:bell[attachment=double_wall,facing=east] run data modify storage crossbow:main shape set value [[250000000, 250000000, 250000000, 750000000, 375000000, 750000000], [312500000, 375000000, 312500000, 687500000, 812500000, 687500000], [0, 812500000, 437500000, 1000000000, 937500000, 562500000]]
