execute if block ~ ~ ~ minecraft:grindstone[facing=north,face=floor] run data modify storage crossbow:main shape set value [[125000000, 0, 375000000, 250000000, 812500000, 625000000], [750000000, 0, 375000000, 875000000, 812500000, 625000000], [250000000, 250000000, 125000000, 750000000, 1000000000, 875000000], [125000000, 437500000, 312500000, 875000000, 812500000, 687500000]]
execute if block ~ ~ ~ minecraft:grindstone[facing=south,face=floor] run data modify storage crossbow:main shape set value [[125000000, 0, 375000000, 250000000, 812500000, 625000000], [750000000, 0, 375000000, 875000000, 812500000, 625000000], [250000000, 250000000, 125000000, 750000000, 1000000000, 875000000], [125000000, 437500000, 312500000, 875000000, 812500000, 687500000]]
execute if block ~ ~ ~ minecraft:grindstone[facing=west,face=floor] run data modify storage crossbow:main shape set value [[375000000, 0, 125000000, 625000000, 812500000, 250000000], [375000000, 0, 750000000, 625000000, 812500000, 875000000], [125000000, 250000000, 250000000, 875000000, 1000000000, 750000000], [312500000, 437500000, 125000000, 687500000, 812500000, 875000000]]
execute if block ~ ~ ~ minecraft:grindstone[facing=east,face=floor] run data modify storage crossbow:main shape set value [[375000000, 0, 125000000, 625000000, 812500000, 250000000], [375000000, 0, 750000000, 625000000, 812500000, 875000000], [125000000, 250000000, 250000000, 875000000, 1000000000, 750000000], [312500000, 437500000, 125000000, 687500000, 812500000, 875000000]]
execute if block ~ ~ ~ minecraft:grindstone[facing=north,face=wall] run data modify storage crossbow:main shape set value [[250000000, 125000000, 0, 750000000, 875000000, 750000000], [125000000, 312500000, 187500000, 875000000, 687500000, 562500000], [125000000, 375000000, 562500000, 250000000, 625000000, 1000000000], [750000000, 375000000, 562500000, 875000000, 625000000, 1000000000]]
execute if block ~ ~ ~ minecraft:grindstone[facing=south,face=wall] run data modify storage crossbow:main shape set value [[250000000, 125000000, 250000000, 750000000, 875000000, 1000000000], [125000000, 312500000, 437500000, 875000000, 687500000, 812500000], [125000000, 375000000, 0, 250000000, 625000000, 437500000], [750000000, 375000000, 0, 875000000, 625000000, 437500000]]
execute if block ~ ~ ~ minecraft:grindstone[facing=west,face=wall] run data modify storage crossbow:main shape set value [[0, 125000000, 250000000, 750000000, 875000000, 750000000], [187500000, 312500000, 125000000, 562500000, 687500000, 875000000], [562500000, 375000000, 125000000, 1000000000, 625000000, 250000000], [562500000, 375000000, 750000000, 1000000000, 625000000, 875000000]]
execute if block ~ ~ ~ minecraft:grindstone[facing=east,face=wall] run data modify storage crossbow:main shape set value [[250000000, 125000000, 250000000, 1000000000, 875000000, 750000000], [437500000, 312500000, 125000000, 812500000, 687500000, 875000000], [0, 375000000, 125000000, 437500000, 625000000, 250000000], [0, 375000000, 750000000, 437500000, 625000000, 875000000]]
execute if block ~ ~ ~ minecraft:grindstone[facing=north,face=ceiling] run data modify storage crossbow:main shape set value [[250000000, 0, 125000000, 750000000, 750000000, 875000000], [125000000, 187500000, 312500000, 875000000, 562500000, 687500000], [125000000, 562500000, 375000000, 250000000, 1000000000, 625000000], [750000000, 562500000, 375000000, 875000000, 1000000000, 625000000]]
execute if block ~ ~ ~ minecraft:grindstone[facing=south,face=ceiling] run data modify storage crossbow:main shape set value [[250000000, 0, 125000000, 750000000, 750000000, 875000000], [125000000, 187500000, 312500000, 875000000, 562500000, 687500000], [125000000, 562500000, 375000000, 250000000, 1000000000, 625000000], [750000000, 562500000, 375000000, 875000000, 1000000000, 625000000]]
execute if block ~ ~ ~ minecraft:grindstone[facing=west,face=ceiling] run data modify storage crossbow:main shape set value [[125000000, 0, 250000000, 875000000, 750000000, 750000000], [312500000, 187500000, 125000000, 687500000, 562500000, 875000000], [375000000, 562500000, 125000000, 625000000, 1000000000, 250000000], [375000000, 562500000, 750000000, 625000000, 1000000000, 875000000]]
execute if block ~ ~ ~ minecraft:grindstone[facing=east,face=ceiling] run data modify storage crossbow:main shape set value [[125000000, 0, 250000000, 875000000, 750000000, 750000000], [312500000, 187500000, 125000000, 687500000, 562500000, 875000000], [375000000, 562500000, 125000000, 625000000, 1000000000, 250000000], [375000000, 562500000, 750000000, 625000000, 1000000000, 875000000]]
