execute if block ~ ~ ~ minecraft:lectern[facing=north] run data modify storage crossbow:main shape set value [[0, 0, 0, 1000000000, 125000000, 1000000000], [250000000, 125000000, 250000000, 750000000, 875000000, 750000000], [0, 625000000, 62500000, 1000000000, 875000000, 333333125], [0, 750000000, 333333125, 1000000000, 1000000000, 604166875], [0, 875000000, 604166875, 1000000000, 1125000000, 875000000]]
execute if block ~ ~ ~ minecraft:lectern[facing=south] run data modify storage crossbow:main shape set value [[0, 0, 0, 1000000000, 125000000, 1000000000], [250000000, 125000000, 250000000, 750000000, 875000000, 750000000], [0, 625000000, 666666875, 1000000000, 875000000, 937500000], [0, 750000000, 395833125, 1000000000, 1000000000, 666666875], [0, 875000000, 125000000, 1000000000, 1125000000, 395833125]]
execute if block ~ ~ ~ minecraft:lectern[facing=west] run data modify storage crossbow:main shape set value [[0, 0, 0, 1000000000, 125000000, 1000000000], [250000000, 125000000, 250000000, 750000000, 875000000, 750000000], [62500000, 625000000, 0, 333333125, 875000000, 1000000000], [333333125, 750000000, 0, 604166875, 1000000000, 1000000000], [604166875, 875000000, 0, 875000000, 1125000000, 1000000000]]
execute if block ~ ~ ~ minecraft:lectern[facing=east] run data modify storage crossbow:main shape set value [[0, 0, 0, 1000000000, 125000000, 1000000000], [250000000, 125000000, 250000000, 750000000, 875000000, 750000000], [666666875, 625000000, 0, 937500000, 875000000, 1000000000], [395833125, 750000000, 0, 666666875, 1000000000, 1000000000], [125000000, 875000000, 0, 395833125, 1125000000, 1000000000]]
